1, 39;
3, 39;
6, 53;
7, 55;
8, 39;
10, 39;
19, 39;
21, 53;
22, 55;
23, 39;
24, 39;
28, 39;
29, 50;
30, 51;
35, 36;
37, 55;
38, 56;
39, 36;
41, 36;
44, 36;
45, 50;
46, 51;
51, 36;
53, 55;
54, 56;
55, 36;
56, 36;
60, 51;
61, 50;
62, 48;
65, 39;
67, 39;
70, 53;
71, 55;
72, 39;
74, 39;
83, 39;
85, 53;
86, 55;
87, 39;
88, 39;
92, 39;
93, 50;
94, 51;
95, 39;
98, 41;
99, 43;
100, 53;
101, 55;
103, 41;
104, 43;
105, 53;
106, 55;
110, 41;
111, 43;
112, 53;
113, 55;
116, 41;
117, 43;
118, 53;
119, 55;
120, 56;
122, 58;
124, 56;
126, 54;
